+++++++++++++++++++RunEstimator+++++++++++++++++++
n_success=(3, 10)
n_evals=1134.3333333333333
s=801.7931293184187
min_evals=51
++++++++++++++++++++++++++++++++++++++++++++++++++
Ngen: 0.9978484450819421
sensitivity: 1.0
negpredictive: 1.0
falseomission: 0.0
falsediscovery: 0.3569620253164557
fitness: 0.9978484450819421
missrate: 0.0
specificity: 0.9978400735294117
fallout: 0.0021599264705882354
prevalence: 0.0038758507034516434
accuracy: 0.9978484450819421
precision: 0.6430379746835443
