+++++++++++++++++++RunEstimator+++++++++++++++++++
n_success=(35, 50)
n_evals=1441.5714285714287
s=1071.152684480316
min_evals=85
++++++++++++++++++++++++++++++++++++++++++++++++++
Ngen: 0.988906521805475
fitness: 0.988906521805475
sensitivity: 0.9667185497161692
negpredictive: 0.9836323930026791
falseomission: 0.016367606997320847
precision: 1.0
accuracy: 0.988906521805475
fallout: 0.0
falsediscovery: 0.0
specificity: 1.0
missrate: 0.0332814502838308
prevalence: 0.33332316049684135
