+++++++++++++++++++RunEstimator+++++++++++++++++++
n_success=(33, 50)
n_evals=992.8181818181819
s=1656.8553539497182
min_evals=1
++++++++++++++++++++++++++++++++++++++++++++++++++
Ngen: 0.8894466994232002
fitness: 0.8894466994232002
falsediscovery: 0.0
fallout: 0.0
falseomission: 0.14224010994404634
precision: 1.0
sensitivity: 0.6683299761948361
specificity: 1.0
accuracy: 0.8894466994232002
missrate: 0.3316700238051639
prevalence: 0.33332316049684135
negpredictive: 0.8577598900559537
