+++++++++++++++++++RunEstimator+++++++++++++++++++
n_success=(1, 10)
n_evals=56.0
s=0.0
min_evals=56
++++++++++++++++++++++++++++++++++++++++++++++++++
Ngen: 0.9943998535111546
prevalence: 0.0016022217474898526
accuracy: 0.9943998535111546
falsediscovery: 1.0
negpredictive: 0.9983913469787964
fallout: 0.004004340582921946
sensitivity: 0.0
specificity: 0.995995659417078
missrate: 1.0
fitness: 0.9943998535111546
precision: 0.0
falseomission: 0.0016086530212035789
