+++++++++++++++++++RunEstimator+++++++++++++++++++
n_success=(50, 50)
n_evals=709.78
s=494.7393774503906
min_evals=113
++++++++++++++++++++++++++++++++++++++++++++++++++
Ngen: 0.999816888943144
sensitivity: 1.0
negpredictive: 1.0
falseomission: 0.0
falsediscovery: 0.631578947368421
fitness: 0.999816888943144
missrate: 0.0
specificity: 0.9998168693820868
fallout: 0.0001831306179132266
prevalence: 0.00010681478316599017
accuracy: 0.999816888943144
precision: 0.3684210526315789
