+++++++++++++++++++RunEstimator+++++++++++++++++++
n_success=(2, 10)
n_evals=1948.0
s=1629.0
min_evals=319
++++++++++++++++++++++++++++++++++++++++++++++++++
Ngen: 0.9981994079409162
fitness: 0.9981994079409162
falsediscovery: 1.0
fallout: 0.00019868865487780648
accuracy: 0.9981994079409162
specificity: 0.9998013113451222
falseomission: 0.0016025396437783306
prevalence: 0.0016022217474898526
missrate: 1.0
negpredictive: 0.9983974603562217
precision: 0.0
sensitivity: 0.0
