+++++++++++++++++++RunEstimator+++++++++++++++++++
n_success=(50, 50)
n_evals=1.0
s=0.0
min_evals=1
++++++++++++++++++++++++++++++++++++++++++++++++++
Ngen: 0.03837702566606647
specificity: 0.0
falsediscovery: 0.9616229743339335
fitness: 0.03837702566606647
precision: 0.03837702566606647
accuracy: 0.03837702566606647
fallout: 1.0
missrate: 0.0
sensitivity: 1.0
negpredictive: nan
falseomission: nan
prevalence: 0.03837702566606647
