+++++++++++++++++++RunEstimator+++++++++++++++++++
n_success=(50, 50)
n_evals=62.16
s=36.55536075598215
min_evals=2
++++++++++++++++++++++++++++++++++++++++++++++++++
Ngen: 0.8333384197515793
specificity: 0.8000073243975683
falsediscovery: 0.5
fitness: 0.8333384197515793
precision: 0.5
accuracy: 0.8333384197515793
fallout: 0.1999926756024317
missrate: 0.0
sensitivity: 1.0
negpredictive: 1.0
falseomission: 0.0
prevalence: 0.16666158024842068
