+++++++++++++++++++RunEstimator+++++++++++++++++++
n_success=(50, 50)
n_evals=2.0
s=0.0
min_evals=2
++++++++++++++++++++++++++++++++++++++++++++++++++
Ngen: 0.9809259315775017
falseomission: 0.009628865026421605
fallout: 0.009628865026421605
falsediscovery: 1.0
negpredictive: 0.9903711349735784
specificity: 0.9903711349735784
prevalence: 0.009537034211249122
missrate: 1.0
sensitivity: 0.0
accuracy: 0.9809259315775017
precision: 0.0
fitness: 0.9809259315775017
