+++++++++++++++++++RunEstimator+++++++++++++++++++
n_success=(38, 50)
n_evals=1178.578947368421
s=1462.472611197952
min_evals=1
++++++++++++++++++++++++++++++++++++++++++++++++++
Ngen: 0.9690084536271248
fitness: 0.9690084536271248
falsediscovery: 0.0
fallout: 0.0
falseomission: 0.045827880319509004
precision: 1.0
sensitivity: 0.9126338882436443
specificity: 1.0
accuracy: 0.9690084536271248
missrate: 0.08736611175635565
prevalence: 0.3547318948942534
negpredictive: 0.954172119680491
