+++++++++++++++++++RunEstimator+++++++++++++++++++
n_success=(50, 50)
n_evals=1.0
s=0.0
min_evals=1
++++++++++++++++++++++++++++++++++++++++++++++++++
Ngen: 0.14415417950987275
sensitivity: 1.0
prevalence: 0.14415417950987275
falseomission: nan
accuracy: 0.14415417950987275
fallout: 1.0
fitness: 0.14415417950987275
falsediscovery: 0.8558458204901273
missrate: 0.0
negpredictive: nan
precision: 0.14415417950987275
specificity: 0.0
