+++++++++++++++++++RunEstimator+++++++++++++++++++
n_success=(50, 50)
n_evals=2.42
s=2.94
min_evals=2
++++++++++++++++++++++++++++++++++++++++++++++++++
Ngen: 0.9809259315775017
sensitivity: 0.0
falsediscovery: 1.0
accuracy: 0.9809259315775017
missrate: 1.0
precision: 0.0
negpredictive: 0.9903711349735784
falseomission: 0.009628865026421605
fitness: 0.9809259315775017
specificity: 0.9903711349735784
prevalence: 0.009537034211249122
fallout: 0.009628865026421605
