+++++++++++++++++++RunEstimator+++++++++++++++++++
n_success=(50, 50)
n_evals=2.0
s=0.0
min_evals=2
++++++++++++++++++++++++++++++++++++++++++++++++++
Ngen: 0.9809259315775017
fitness: 0.9809259315775017
falsediscovery: 1.0
fallout: 0.009628865026421605
accuracy: 0.9809259315775017
specificity: 0.9903711349735784
falseomission: 0.009628865026421605
prevalence: 0.009537034211249122
missrate: 1.0
negpredictive: 0.9903711349735784
precision: 0.0
sensitivity: 0.0
