+++++++++++++++++++RunEstimator+++++++++++++++++++
n_success=(1, 50)
n_evals=2718.0
s=0.0
min_evals=2718
++++++++++++++++++++++++++++++++++++++++++++++++++
Ngen: 0.9925687429425947
fitness: 0.9925687429425947
sensitivity: 1.0
negpredictive: 1.0
falseomission: 0.0
precision: 0.9509764445339239
accuracy: 0.9925687429425947
fallout: 0.00868293900547364
falsediscovery: 0.049023555466076105
specificity: 0.9913170609945263
missrate: 0.0
prevalence: 0.14415417950987275
